graph_load_time: 4.87617
n_generated: 4930
n_expanded: 1050
n_domCheck: 4565
rt_initHeu: 2.64622
rt_search: 0.164466
N: 1
Label: 5613
[31140,]
7406 47607 87807 48007 88207 48407 88607 48807 89007 49207 89407 49607 9608 49809 9810 50011 10012 50213 10214 50415 10416 50617 10618 50819 10820 51021 11022 51223 11224 51425 11426 51627 11628 51829 11830 52031 12032 52233 12234 52435 12436 52637 12638 52839 93039 53239 13240 53441 13442 53643 13644 53845 13846 54047 14048 54249 14250 54451 14452 54653 14654 54855 14856 55057 15058 55259 15260 55461 95661 55861 15862 56063 96263 56463 96663 56863 97063 57263 97463 57663 97863 58063 98263 58463 18464 58665 18666 58867 18868 59069 19070 59271 19272 59473 19474 59675 19676 59877 19878 60079 20080 60281 20282 60483 20484 60685 20686 60887 20888 61089 21090 61291 21292 61493 21494 61695 21696 61897 21898 62099 22100 62301 22302 62503 22504 62705 22706 62907 22908 63109 23110 63311 23312 63513 23514 63715 23716 63917 23918 23919 64120 24121 64322 24323 64524 24525 64726 24727 64928 24929 65130 25131 65332 105532 65732 105932 66132 106332 66532 106732 66932 107132 67332 107532 67732 107932 68132 108332 68532 108732 68932 28933 69134 29135 69336 29337 69538 29539 69740 29741 69942 29943 70144 30145 70346 30347 70548 30549 70750 30751 70952 30953 71154 31155 71356 31357 71558 31559 71760 31761 71962 31963 72164 32165 72366 32367 72568 32569 72770 32771 72972 32973 73174 33175 73376 33377 73578 33579 73780 33781 
