graph_load_time: 5.22822
n_generated: 5883
n_expanded: 1274
n_domCheck: 5489
rt_initHeu: 2.97934
rt_search: 0.181389
N: 1
Label: 6761
[26696,]
3706 43907 84107 44307 84507 44707 84907 45107 85307 45507 85707 45907 86107 46307 86507 46707 86907 47107 87307 47507 87707 47907 88107 48307 88507 48707 88907 49107 89307 49507 89707 49907 90107 50307 90507 50707 90907 51107 91307 51507 91707 51907 11908 52109 12110 52311 92511 52711 12712 52913 12914 53115 93315 53515 13516 53717 93917 54117 14118 54319 94519 54719 94919 55119 95319 55519 15520 55721 95921 56121 96321 56521 96721 56921 97121 57321 97521 57721 97921 58121 98321 58521 98721 58921 99121 59321 99521 59721 99921 60121 100321 60521 100721 60921 101121 61321 101521 61721 101921 62121 102321 62521 102721 62921 103121 63321 103521 63721 103921 64121 104321 64521 104721 64921 105121 65321 105521 65721 25722 65923 25924 66125 26126 66327 26328 66529 26530 66731 26732 66933 107133 67333 27334 67535 27536 67737 107937 68137 108337 68537 28538 68739 108939 69139 109339 69539 29540 69741 109941 70141 110341 70541 110741 70941 111141 71341 111541 71741 111941 72141 112341 72541 32542 72743 32744 72945 32946 73147 33148 73349 33350 73551 33552 73753 33754 73955 33956 74157 34158 74359 34360 74561 34562 74763 34764 74965 34966 75167 35168 
