graph_load_time: 2.7077
n_generated: 867
n_expanded: 174
n_domCheck: 799
rt_initHeu: 1.31841
rt_search: 0.0110621
N: 1
Label: 973
[23795,]
33637 33638 33639 33640 33641 33642 33643 33644 33645 33646 33647 33648 33649 33650 33651 33652 33653 33654 33655 33656 33657 33658 33659 33660 33661 33662 153463 33263 153064 32864 152665 32465 152266 32066 151867 31667 151468 31268 151069 30869 150670 30470 150271 30071 149872 29672 149473 29273 149074 28874 148675 28475 148276 28076 147877 27677 147478 27278 147079 26879 146680 26480 146281 26081 145882 25682 145483 25283 145084 24884 144685 24485 144286 24086 143887 23687 143488 23288 143089 22889 142690 22490 142291 22091 141892 21692 141493 21293 141094 20894 140695 20495 140296 20096 139897 19697 139498 19298 139099 18899 138700 18500 138301 18101 137902 17702 137503 17303 137104 16904 16905 16906 16907 16908 16909 16910 16911 16912 16913 136714 96715 56716 16717 136518 16318 136119 15919 135720 15520 135321 15121 134922 14722 134523 14323 134124 13924 133725 13525 133326 13126 132927 12727 132528 12328 132129 11929 131730 11530 131331 11131 130932 10732 130533 10333 130134 9934 129735 9535 129336 9136 128937 8737 128538 8338 128139 7939 127740 7540 127341 7141 126942 6742 126543 6343 
