graph_load_time: 5.54866
n_generated: 3952
n_expanded: 791
n_domCheck: 3560
rt_initHeu: 2.5793
rt_search: 0.111563
N: 1
Label: 4347
[24466,]
23787 143586 23585 143384 23383 143182 23181 142980 22979 142778 22777 142576 22575 142374 22373 142172 22171 141970 21770 141569 21568 141367 21167 140966 20965 140764 20763 140562 20561 140360 20359 140158 20157 139956 19955 139754 19753 139552 19551 139350 19349 139148 19147 138946 18945 138744 18743 138542 18541 138340 18339 138138 18137 137936 17935 137734 17733 137532 17531 137330 17329 137128 17127 136926 16925 136724 16723 136522 16521 136320 16319 136118 16117 135916 15915 135714 15713 135512 15511 135310 15309 135108 15107 134906 14905 134704 14703 134502 14501 134300 14299 134098 14097 133896 13895 133694 13693 133492 13491 133290 13289 133088 12888 132687 12487 132286 12086 131885 11685 131484 11284 131083 11082 130881 10681 130480 10479 130278 10277 130076 10075 129874 9873 129672 9671 129470 9469 129268 9267 9266 129065 9064 128863 8862 128661 8660 128459 8458 128257 8256 128055 8054 127853 7852 127651 7650 127449 7448 127247 7047 126846 6646 126445 6245 126044 5844 125643 5443 125242 5042 124841 4641 124440 4439 124238 4237 124036 4035 123834 3833 123632 3631 
