graph_load_time: 0.062725
n_generated: 12227
n_expanded: 6035
n_domCheck: 18106
rt_initHeu: 0.0305269
rt_search: 0.128565
N: 1
Label: 24131
[154,]
1010 1011 1012 1013 1014 1015 1016 1017 1018 1019 1020 1021 1022 1023 1024 1025 1026 1027 1028 1029 1030 1031 1032 1033 1034 1035 1036 1037 1038 1039 1040 1041 1042 1043 1044 1045 1046 1047 1048 1049 1050 1051 1052 1053 1054 1055 1056 1057 1058 1059 1060 1061 1062 1063 1064 1065 1066 1067 1068 1069 1070 1071 1072 1073 1074 1075 1076 1077 1078 1079 1080 1180 1280 1380 1480 1580 1680 1780 1880 1980 2080 2180 2280 2380 2480 2580 2680 2780 2880 2980 3080 3180 3280 3380 3480 3580 3680 3780 3880 3980 4080 4180 4280 4380 4480 4580 4680 4780 4880 4980 5080 5180 5280 5380 5480 5580 5680 5780 5880 5980 6080 6180 6280 6380 6480 6580 6680 6780 6880 6980 7080 7180 7280 7380 7480 7580 7680 7780 7880 7980 8080 8180 8280 8380 8480 8580 8680 8780 8880 8980 9080 9180 9280 9380 9480 
