graph_load_time: 5.30703
n_generated: 1974
n_expanded: 447
n_domCheck: 2049
rt_initHeu: 3.71291
rt_search: 0.0537281
N: 1
Label: 2494
[21965,]
23606 63807 23808 64009 24010 64211 24212 64413 24414 64615 24616 64817 24818 65019 25020 65221 25222 65423 25424 25425 25426 25427 25428 25429 25430 25431 25432 25433 25434 25435 25436 25437 25438 25439 65640 25641 65842 25843 66044 26045 66246 26247 66448 26449 66650 26651 66852 26853 67054 27055 67256 27257 67458 27459 67660 27661 67862 27863 27864 27865 27866 27867 27868 27869 27870 27871 27872 27873 27874 27875 27876 27877 27878 27879 27880 27881 27882 27883 27884 27885 27886 27887 27888 27889 27890 27891 27892 27893 27894 27895 27896 27897 27898 27899 27900 27901 27902 27903 27904 27905 27906 27907 27908 27909 27910 27911 27912 27913 27914 27915 27916 27917 27918 27919 27920 27921 27922 68123 28124 28125 68326 28327 68528 28529 68730 28731 68932 28933 69134 29135 69336 29337 69538 29539 69740 29741 69942 29943 70144 30145 70346 30347 70548 30549 70750 30751 70952 30953 71154 31155 71356 31357 71558 31559 71760 31761 71962 31963 72164 32165 72366 32367 72568 32569 72770 32771 72972 32973 73174 33175 73376 33377 73578 33579 73780 33781 
