graph_load_time: 4.75834
n_generated: 1097
n_expanded: 238
n_domCheck: 1085
rt_initHeu: 2.46407
rt_search: 0.0296539
N: 1
Label: 1319
[23054,]
13650 53851 13852 54053 94253 54453 14454 54655 94855 55055 95255 55455 95655 55855 96055 56255 16256 56457 96657 56857 97057 57257 17258 57459 17460 57661 17662 57863 17864 58065 18066 58267 18268 58469 18470 58671 18672 58873 18874 59075 19076 59277 19278 59479 19480 59681 99881 60081 100281 60481 20482 60683 20684 60885 20886 61087 21088 61289 21290 61491 21492 61693 21694 61895 21896 62097 22098 62299 22300 62501 22502 62703 22704 62905 22906 63107 23108 63309 23310 63511 23512 63713 23714 63915 23916 23917 23918 23919 23920 23921 23922 23923 23924 23925 23926 23927 23928 23929 23930 23931 64132 24133 64334 24335 64536 24537 64738 24739 64940 24941 65142 25143 65344 25345 65546 25547 65748 25749 65950 25951 66152 26153 66354 26355 26356 26357 26358 26359 26360 26361 26362 26363 26364 26365 26366 26367 26368 26369 26370 26371 26372 26373 26374 26375 26376 26377 26378 26379 26380 26381 26382 26383 26384 26385 26386 26387 
