graph_load_time: 5.05632
n_generated: 6609
n_expanded: 1595
n_domCheck: 7229
rt_initHeu: 2.64078
rt_search: 0.201805
N: 1
Label: 8818
[25384,]
32406 32407 32408 32409 32410 32411 32412 32413 32414 32415 32416 32417 32418 32419 32420 32421 32422 32423 32424 32425 32426 32427 32428 32429 32430 32431 32432 32433 32434 32435 32436 32437 32438 32439 32440 32441 32442 32443 32444 32445 32446 32447 32448 32449 32450 32451 32452 32453 32454 32455 32456 32457 32458 32459 32460 32461 32462 32463 32464 32465 32466 32467 32468 32469 32470 32471 32472 32473 32474 32475 32476 32477 32478 32479 32480 152281 32081 151882 31682 151483 31283 151084 30884 150685 30485 150286 30086 149887 29687 149488 29288 149089 28889 148690 28490 148291 28091 147892 27692 147493 27293 147094 26894 146695 26495 146296 26096 145897 25697 145498 25298 145099 24899 144700 24500 144301 24101 143902 23702 143503 23303 143104 22904 142705 22505 142306 22106 141907 21707 141508 21308 141109 20909 140710 20510 140311 20111 139912 19712 139513 19313 139114 18914 138715 18515 138316 18116 137917 17717 137518 17318 137119 16919 136720 16520 136321 16121 135922 15722 135523 15323 135124 14924 14925 14926 14927 134728 14528 14529 14530 14531 14532 14533 14534 14535 14536 14537 14538 14539 14540 14541 14542 14543 14544 14545 14546 14547 14548 14549 14550 14551 14552 14553 14554 134355 14155 133956 13756 133557 13357 133158 12958 132759 12559 132360 12160 131961 11761 131562 11362 
