graph_load_time: 2.98365
n_generated: 1591
n_expanded: 377
n_domCheck: 1594
rt_initHeu: 1.41373
rt_search: 0.0228923
N: 1
Label: 1969
[36816,]
6381 6380 6379 6378 6377 6376 6375 6374 6373 6372 6371 46570 86770 126769 6768 46967 87167 127166 7165 47364 87564 127563 7562 47761 87961 127960 7959 7958 48157 88357 128356 8355 48554 88754 128753 8752 48951 89151 129150 9149 49348 89548 129547 9546 49745 89945 129944 9943 50142 90342 130341 10340 50539 90739 130738 10737 50936 91136 131135 11134 51333 91533 131532 11531 51730 91930 131929 11928 52127 92327 132326 12325 52524 92724 132723 12722 52921 93121 133120 13119 53318 93518 133517 13516 53715 93915 54115 94315 54515 94715 54915 95115 135114 15113 55312 95512 135511 15510 55709 95909 135908 15907 56106 96306 136305 16304 56503 96502 136501 16500 56699 96899 136898 16897 57096 97296 137295 17294 57493 97693 57893 98093 58293 98493 58693 98893 59093 99293 59493 99693 59893 100093 60293 100493 140492 20491 60690 100890 140889 20888 61087 101287 141286 21285 61484 101684 61884 102084 142083 22082 62281 102481 62681 102881 63081 103281 143280 23279 63478 103678 143677 23676 63875 104075 144074 24073 64272 104472 144471 24470 64669 104869 144868 24867 65066 105266 145265 25264 65463 105663 145662 25661 65860 106060 146059 26058 66257 106457 146456 26455 66654 106854 146853 26852 67051 107251 67451 107651 67851 108051 68251 108451 68651 108851 69051 109251 149250 29249 69448 109648 149647 29646 69845 110045 70245 110445 70645 110845 71045 111245 71445 111645 71845 112045 72245 112445 72645 112845 73045 113245 73445 113645 153644 33643 73842 114042 154041 34040 74239 114439 154438 34437 74636 114836 75036 115236 75436 115636 75836 116036 76236 116436 76636 116836 77036 117236 77436 37437 
