graph_load_time: 0.304092
n_generated: 668
n_expanded: 290
n_domCheck: 1116
rt_initHeu: 0.306912
rt_search: 0.00664964
N: 3
Label: 707
[44,36184,]
37266 37265 37264 37263 37262 37261 37260 37259 37258 37257 37256 37255 37254 37253 37252 37251 37250 37249 37248 37247 37246 37245 37244 37243 37242 37241 37240 37239 37238 37237 37236 37235 37234 37233 37232 37231 37230 37229 37228 37434 37640 37846 38052 38258 38464 
Label: 971
[46,36068,]
37266 37265 37264 37263 37262 37261 37260 37259 37258 37257 37256 37255 37254 37253 37252 37251 37250 37249 37248 37247 37246 37245 37244 37243 37242 37241 37240 37239 37238 37032 37031 37030 37029 37028 37027 37026 37025 37024 37023 37022 37228 37434 37640 37846 38052 38258 38464 
Label: 1155
[48,36048,]
37266 37265 37264 37263 37262 37261 37260 37259 37258 37257 37256 37255 37254 37253 37252 37251 37250 37249 37248 37247 37246 37245 37244 37243 37242 37241 37240 37239 37238 37032 37031 37030 36824 36823 36822 36821 36820 36819 36818 36817 36816 37022 37228 37434 37640 37846 38052 38258 38464 
