graph_load_time: 0.299475
n_generated: 1043
n_expanded: 449
n_domCheck: 1348
rt_initHeu: 0.304696
rt_search: 0.0101016
N: 1
Label: 1792
[135,5391,]
16022 16021 16020 16019 16018 16017 16016 16015 16014 16013 16012 16011 16010 16009 16008 15802 15596 15390 15184 14978 14772 14566 14360 14359 14153 13947 13946 13740 13534 13533 13327 13326 13120 13119 12913 12912 12911 12705 12704 12498 12292 12086 11880 11674 11468 11262 11056 10850 10644 10438 10437 10436 10230 10229 10228 10022 10021 10020 9814 9813 9812 9606 9605 9604 9603 9602 9396 9395 9394 9393 9392 9391 9390 9389 9388 9387 9386 9385 9384 9383 9177 9176 8970 8969 8763 8762 8761 8760 8759 8758 8757 8756 8755 8754 8753 8752 8751 8750 8749 8748 8747 8746 8745 8744 8743 8742 8536 8535 8534 8328 8327 8121 8120 7914 7913 7912 7911 7705 7499 7293 7087 6881 6675 6469 6263 6057 5851 5645 5439 5233 5027 4821 4615 4409 4203 3997 
