graph_load_time: 0.309869
n_generated: 1686
n_expanded: 581
n_domCheck: 2629
rt_initHeu: 0.308817
rt_search: 0.0155521
N: 2
Label: 1082
[269,898895,]
25168 24968 24768 24568 24368 24168 23968 23768 23568 23368 23168 22968 22768 22568 22368 22168 22167 22166 22165 22164 22163 22162 22161 22160 22159 22158 22157 22156 22155 21955 21954 21754 21554 21354 21154 20954 20754 20753 20553 20353 20153 19953 19952 19752 19751 19551 19351 19350 19349 19149 19148 18948 18947 18946 18746 18745 18744 18743 18543 18542 18541 18540 18340 18339 18338 18337 18336 18335 18334 18333 18133 18132 17932 17931 17731 17531 17530 17330 17329 17129 17128 16928 16927 16926 16726 16725 16724 16524 16523 16323 16322 16321 16121 16120 16119 15919 15918 15917 15916 15915 15914 15913 15912 15911 15910 15909 15908 15907 15906 15905 15904 15903 15902 15901 15900 15899 15898 15897 15896 15696 15695 15694 15494 15493 15293 15292 15092 15091 14891 14890 14690 14689 14688 14687 14686 14685 14684 14683 14682 14681 14680 14679 14678 14677 14676 14675 14674 14673 14672 14671 14670 14470 14270 14269 14069 13869 13868 13668 13667 13467 13466 13266 13265 13065 13064 13063 12863 12862 12861 12661 12660 12659 12459 12458 12457 12257 12256 12056 11856 11656 11456 11256 11056 10856 10656 10456 10256 10056 9856 9656 9456 9256 9056 8856 8855 8655 8654 8454 8453 8452 8252 8251 8250 8050 8049 8048 8047 7847 7846 7646 7645 7445 7245 7045 6845 6645 6644 6444 6244 6044 5844 5644 5444 5244 5243 5043 5042 4842 4841 4840 4839 4639 4638 4637 4437 4436 4435 4434 4234 4233 4232 4032 4031 4030 4029 4028 3828 3827 3826 3825 3824 3823 3822 3821 3820 3819 3818 3618 3617 3616 3615 3614 3613 3612 3611 3610 3609 3608 3607 3606 
Label: 2318
[281,898404,]
25168 24968 24768 24568 24368 24168 23968 23768 23568 23368 23168 22968 22768 22568 22368 22168 22167 22166 22165 22164 22163 22162 22161 22160 22159 22158 22157 22156 22155 22154 22354 22353 22553 22753 22752 22751 22750 22749 22748 22747 22746 22745 22744 22743 22742 22741 22740 22739 22738 22737 22537 22536 22535 22534 22533 22532 22531 22530 22529 22329 22328 22327 22127 22126 21926 21726 21526 21326 21126 20926 20726 20526 20326 20126 20127 19927 19727 19527 19528 19328 19128 19129 18929 18729 18529 18329 18129 17929 17729 17529 17329 17129 17128 16928 16927 16926 16726 16725 16724 16524 16523 16323 16322 16321 16121 16120 16119 15919 15918 15917 15916 15915 15914 15913 15912 15911 15910 15909 15908 15907 15906 15905 15904 15903 15902 15901 15900 15899 15898 15897 15896 15696 15695 15694 15494 15493 15293 15292 15092 15091 14891 14890 14690 14689 14688 14687 14686 14685 14684 14683 14682 14681 14680 14679 14678 14677 14676 14675 14674 14673 14672 14671 14670 14470 14270 14269 14069 13869 13868 13668 13667 13467 13466 13266 13265 13065 13064 13063 12863 12862 12861 12661 12660 12659 12459 12458 12457 12257 12256 12056 11856 11656 11456 11256 11056 10856 10656 10456 10256 10056 9856 9656 9456 9256 9056 8856 8855 8655 8654 8454 8453 8452 8252 8251 8250 8050 8049 8048 8047 7847 7846 7646 7645 7445 7245 7045 6845 6645 6644 6444 6244 6044 5844 5644 5444 5244 5243 5043 5042 4842 4841 4840 4839 4639 4638 4637 4437 4436 4435 4434 4234 4233 4232 4032 4031 4030 4029 4028 3828 3827 3826 3825 3824 3823 3822 3821 3820 3819 3818 3618 3617 3616 3615 3614 3613 3612 3611 3610 3609 3608 3607 3606 
