graph_load_time: 0.869999
n_generated: 605
n_expanded: 201
n_domCheck: 604
rt_initHeu: 0.737266
rt_search: 0.013434
N: 1
Label: 799
[200,2528014,]
11375 11374 11373 11372 11371 11370 11369 11368 11568 11567 11767 11766 11765 11965 11964 12164 12364 12564 12764 12964 13164 13364 13564 13764 13964 14164 14364 14564 14764 14964 15164 15364 15564 15764 15763 15963 15962 16162 16161 16160 16360 16359 16358 16558 16557 16556 16756 16755 16754 16753 16752 16751 16750 16749 16748 16747 16746 16745 16744 16743 16742 16741 16941 16940 16939 16938 16937 16936 16935 16934 16933 16932 16931 16930 16929 16928 16927 16926 17126 17326 17325 17525 17725 17724 17924 17923 17922 18122 18121 18120 18119 18319 18318 18317 18316 18516 18515 18514 18714 18713 18913 18912 19112 19312 19311 19511 19510 19710 19709 19909 19908 19907 20107 20106 20105 20104 20103 20102 20302 20301 20300 20500 20499 20498 20698 20697 20897 20896 20895 21095 21094 21294 21494 21493 21693 21692 21892 22092 22091 22291 22491 22691 22891 23091 23291 23491 23490 23690 23890 23889 24089 24088 24288 24488 24487 24687 24686 24685 24885 24884 24883 24882 25082 25081 25080 25079 25078 25278 25277 25276 25476 25475 25675 25674 25673 25672 25671 25670 25669 25668 25667 25666 25665 25664 25663 25662 25661 25660 25659 25658 25657 25656 25856 26056 26256 26456 26656 26856 27056 27256 27456 
